10
13
69
70
73
78
87
88
90
91
93
97
98
99
102
112
129
130
132
139
140
144
147
148
150
153
156
157
159
163
164
165
166
168
199
200
208
211
213
220
228
230
235
240
241
243
244
245
246
249
256
257
258
261
264
267
276
277
278
279
280
283
285
291
292
296
297
300
301
307
312
322
323
324
330
333
334
339
342
345
348
350
355
360
370
372
382
386
387
394
395
396
405
408
409
414
419
422
424
427
429
434
435
437
439
441
447
456
457
459
463
464
465
466
470
473
475
477
482
484
486
494
496
502
504
505
507
517
519
520
521
522
525
532
534
535
536
537
541
543
545
546
556
558
559
560
561
564
571
578
583
585
587
588
590
602
604
609
616
619
620
621
630
632
633
640
643
644
648
651
652
653
657
683
692
693
694
697
699
703
705
713
718
734
735
736
739
741
745
754
755
756
759
761
765
766
767
769
771
775
777
778
779
780
781
783
784
793
794
795
796
798
801
805
806
807
808
809
810
811
813
814
815
816
826
827
828
829
831
832
833
834
835
836
837
840
841
842
843
845
846
853
854
855
856
857
858
859
860
861
862
863
864
865
866
867
893
907
908
909
910
912
913
916
917
918
919
921
924
952
953
954
955
958
964
967
968
969
970
971
994
998
999
1000
1010
1011
1012
1013
1014
1015
1016
1017
1020
1039
1042
1045
1048
1049
1050
1051
1052
1053
1054
1056
1057
1058
1059
1060
1061
1062
1090
1092
1095
1101
1103
1109
1111
1129
1132
1134
1135
1137
1140
1141
1157
1164
1169
1170
1171
1173
1174
1175
1176
1264
1265
1266
1297
1298
1299
1300
1301
1304
1305
1306
1307
1308
1309
1310
1311
1312
1314
1336
1339
1343
1354
1357
1360
1361
1363
1365
1367
1368
1369
1370
1371
1372
1374
1375
1376
1377
1387
1388
1391
1392
1396
1397
1398
1399
1405
1406
1407
1408
1409
1411
1412
1413
1414
1415
1416
1417
1418
1419
1422
1426
1427
1429
1430
1431
1432
1433
1434
1435
1437
1438
1439
1440
1442
1443
1444
1445
1446
1448
1449
1452
1453
1454
1455
1458
1459
1462
1463
1464
1468
1470
1471
1472
1477
1478
1480
1483
1484
1485
1486
1488
1492
1498
1504
1506
1517
1518
1531
1532
1537
1554
1561
1566
1581
1585
1589
1590
1595
1601
1603
1604
1624
1627
1639
1640
1646
1654
1655
1656
1658
1662
1667
1668
1670
1671
1672
1674
1688
1691
1693
1695
1698
1702
1703
1705
1706
1707
1710
1715
1726
1727
1728
1729
1730
1732
1733
1735
1738
1739
1743
1746
1747
1750
1754
1761
1762
1763
1767
1769
1770
1771
1772
1775
1776
1777
1783
1787
1796
1825
1826
1831
1832
1834
1837
1839
1843
1850
1851
1854
1858
1859
1861
1867
1874
1875
1876
1877
1878
1891
1957
1958
1959
1960
1961
1966
1967
1969
1970
2021
2026
2028
2029
2031
2032
2034
2038
2039
2040
2041
2042
2043
2047
2048
2049
2050
2051
2052
2053
2054
2061
2062
2063
2064
2065
2066
2067
2070
2080
2082
2083
2085
2108
2110
2111
2112
2113
2114
2115
2118
2119
2121
2123
2125
2126
2128
2130
2131
2132
2133
2134
2135
2136
2137
2139
2146
2147
2148
2157
2160
2223
2225
2237
2241
2243
2246
2248
2249
2250
2263
2265
2266
2267
2268
2269
2270
2271
2272
2273
2274
2275
2276
2277
2280
2281
2283
2284
2285
2286
2287
2289
2290
2293
2294
2295
2296
2297
2298
2299
2300
2302
2303
2307
2308
2311
2314
2315
2316
2348
2349
2351
2352
2353
2354
2355
2356
2357
2373
2374
2375
2376
2377
2379
2380
2381
2382
2383
2384
2385
2386
2387
2388
2389
2391
2392
2394
2395
2396
2397
2398
2400
2402
2403
2404
2406
2407
2410
2412
2414
2415
2416
2417
2418
2419
2422
2425
2427
2430
2436
2440
2442
2446
2450
2452
2455
2464
2465
2473
2480
2483
2490
2491
2492
2500
2501
2503
2507
2510
2512
2513
2514
2515
2516
2517
2518
2519
2520
2521
2523
2528
2529
2532
2537
2538
2545
2546
2556
2559
2561
2563
2564
2597
2604
2606
2611
2612
2613
2637
2643
2646
2647
2650
2651
2652
2653
2655
2656
2657
2659
2662
2664
2666
2667
2668
2669
2670
2672
2673
2677
2678
2682
2683
2686
2692
2694
2709
2711
2717
2727
2729
2736
2745
2751
2757
2758
2761
2764
2799
2800
2801
2802
2809
2810
2811
2812
2813
2814
2815
2816
2826
2842
2844
2865
2868
2877
2880
2889
2913
2914
2917
2919
2926
2934
2955
2958
2979
2997
3001
3007
3030
3034
3035
3036
3039
3041
3042
3048
3066
3069
3078
3090
3096
3102
3104
3120
3123
3126
3147
3165
3177
3192
3202
3203
3240
3266
3267
3276
3279
3280
3281
3289
3291
3294
3301
3302
3303
3304
3305
3307
3309
3381
3384
3385
3387
3460
3471
3486
3552
3553
3570
3579
3588
3591
3623
3627
3645
3648
3672
3678
3688
3702
3711
3714
3730
3759
3762
3828
3843
3861
3865
3909
3912
3927
3942
3947
3960
3999
4038
4053
4107
4128
4152
4155
4203
4209
4233
4248
4272
4275
4278
4305
4317
4323
4332
4335
4347
4353
4359
4392
4455
4470
4476
4488
4495
4528
4533
4554
4566
4569
4575
4578
4632
4638
4662
4665
4668
4674
4677
4686
4687
4688
4692
4693
4701
4703
4710
4716
4720
4725
4753
4758
4762
4765
4770
4779
4780
4795
4804
4805
4807
4816
4819
4821
4822
4823
4824
4825
4826
4828
4829
4831
4832
4841
4842
4843
4861
4864
4867
4868
4869
4870
4887
4888
4890
4891
4892
4893
4894
4895
4896
4935
4939
4941
4955
4981
4997
5000
5001
5022
5034
5039
5045
5046
5047
5053
5054
5055
5057
5062
5067
5103
5115
5126
5153
5160
5172
5175
5208
5238
5242
5270
5295
5298
5313
5315
5329
5349
5370
5379
5388
5397
5403
5412
5424
5427
5442
5445
5448
5469
5478
5484
5490
5505
5529
5559
5568
5574
5589
5631
5649
5664
5691
5692
5715
5754
5766
5769
5784
5796
5832
5838
5853
5877
5913
5943
5961
5964
5988
5997
6027
6028
6048
6117
6132
6142
6144
6147
6198
6207
6210
6216
6231
6234
6239
6243
6246
6259
6286
6294
6312
6315
6335
6387
6395
6433
6435
6436
6446
6456
6471
6476
6501
6504
6507
6520
6521
6522
6530
6537
6549
6567
6572
6573
6577
6583
6585
6591
6624
6628
6630
6647
6655
6666
6671
6680
6712
6720
6722
6750
6755
6758
6762
6768
6771
6804
6812
6817
6819
6835
6837
6838
6868
6899
6928
6955
6971
6982
6987
6992
6995
7006
7020
7022
7032
7036
7043
7048
7053
7054
7062
7063
7064
7071
7078
7083
7084
7089
7096
7098
7099
7101
7108
7111
7117
7118
7119
7120
7134
7140
7145
7155
7159
7163
7164
7167
7189
7192
7198
7208
7210
7211
7221
7231
7234
7238
7240
7247
7252
7260
7284
7287
7293
7294
7297
7302
7307
7356
7383
7458
7491
7500
7576
7605
7606
7610
7614
7617
7620
7671
7717
7719
7726
7748
7761
7762
7767
7769
7776
7811
7812
7819
7823
7854
7861
7863
7872
7875
7881
7882
7902
7906
7920
7923
7933
7936
7944
7962
8016
8032
8042
8052
8070
8094
8118
8142
8166
8227
8250
8295
8325
8334
8376
8377
8379
8383
8385
8393
8399
8404
8410
8411
8419
8433
8439
8459
8485
8487
8492
8493
8505
8514
8577
8581
8584
8596
8600
8625
8682
8683
8703
8706
8727
8748
8787
8791
8796
8801
8806
8807
8808
8809
8845
8848
8852
8854
8857
8859
8876
8877
8881
8883
8890
8896
8897
8906
8910
8922
8926
8934
8936
8940
8941
8942
8944
8947
8950
8953
8954
8971
8973
8976
8978
8980
8991
8997
9007
9009
9013
9016
9042
9082
9108
9118
9120
9123
9133
9135
9144
9148
9150
9163
9179
9180
9181
9183
9187
9192
9205
9217
9227
9228
9231
9234
9237
9240
9247
9252
9256
9261
9267
9276
9282
9283
9292
9321
9334
9354
9357
9364
9379
9384
9386
9397
9409
9433
9469
9474
9478
9513
9530
9535
9538
9541
9544
9547
9548
9553
9554
9558
9564
9573
9579
9598
9601
9608
9619
9624
9631
9642
9666
9669
9670
9671
9672
9699
9702
9708
9709
9712
9732
9736
9739
9749
9759
9768
9774
9783
9802
9807
9820
9834
9841
9852
9854
9857
9866
9868
9879
9883
9895
9898
9900
9903
9907
9911
9935
9959
9963
9964
9984
9999
10009
10011
10015
10018
10027
10031
10051
10060
10061
10065
10067
10072
10113
10149
10155
10188
10194
10215
10233
10260
10293
10305
10315
10317
10326
10338
10347
10359
10386
10396
10409
10417
10418
10428
10443
10470
10495
10497
10503
10538
10545
10547
10548
10551
10554
10555
10559
10569
10581
10593
10623
10639
10650
10653
10654
10668
10685
10699
10704
10707
10746
10749
10750
10762
10764
10785
10802
10830
10845
10848
10851
10856
10866
10869
10870
10880
10886
10896
10917
10918
10947
10986
10998
11011
11037
11052
11058
11067
11094
11121
11126
11145
11166
11187
11189
11190
11253
11268
11289
11295
11307
11310
11314
11343
11347
11350
11361
11436
11437
11439
11444
11445
11479
11489
11491
11520
11525
11526
11535
11556
11564
11572
11574
11601
11604
11694
11724
11748
11862
11877
11880
11886
11895
11922
11925
11967
11979
11985
11991
11997
12021
12036
12037
12057
12099
12114
12153
12159
12160
12186
12189
12192
12216
12241
12246
12249
12250
12252
12255
12264
12297
12300
12312
12322
12324
12363
12366
12384
12395
12397
12439
12449
12471
12490
12492
12512
12582
12594
12612
12627
12639
12669
12693
12708
12744
12747
12761
12774
12777
12786
12795
12817
12819
12837
12850
12909
12942
12964
12972
12980
12983
12991
13003
13005
13011
13018
13032
13036
13043
13044
13051
13052
13059
13069
13086
13094
13095
13098
13100
13110
13114
13128
13134
13135
13140
13158
13166
13172
13173
13194
13213
13216
13230
13239
13267
13273
13277
13293
13299
13326
13347
13348
13379
13380
13390
13398
13413
13414
13416
13417
13418
13419
13421
13425
13431
13434
13439
13440
13446
13452
13459
13461
13482
13512
13518
13529
13540
13553
13554
13562
13578
13605
13614
13623
13671
13680
13692
13693
13698
13707
13728
13743
13773
13785
13801
13830
13831
13832
13845
13848
13852
13876
13882
13883
13885
13886
13888
13889
13891
13899
13906
13907
13914
13915
13916
13918
13920
13927
13930
13931
13933
13934
13935
13939
13940
13941
13944
13945
13949
13951
13955
13956
13957
13959
13963
13964
13965
13967
13972
13973
13974
13983
13984
13985
13988
13989
13990
13992
13993
13995
13998
14002
14005
14007
14010
14013
14015
14019
14020
14022
14026
14028
14029
14034
14036
14041
14056
14058
14059
14067
14070
14072
14073
14076
14077
14079
14082
14083
14086
14087
14088
14107
14108
14109
14110
14115
14116
14118
14119
14122
14126
14131
14132
14141
14143
14146
14147
14148
14154
14158
14159
14164
14165
14170
14171
14176
14178
14200
14203
14206
14211
14215
14216
14217
14218
14222
14229
14230
14231
14233
14235
14237
14239
14240
14241
14246
14248
14249
14250
14251
14253
14257
14259
14262
14268
14278
14282
14286
14287
14292
14296
14297
14298
14299
14300
14301
14302
14303
14304
14310
14312
14315
14320
14324
14327
14329
14331
14332
14333
14335
14336
14337
14344
14346
14350
14353
14355
14356
14358
14359
14365
14369
14370
14371
14372
14377
14378
14380
14385
14386
14387
14388
14391
14392
14394
14398
14399
14400
14401
14402
14403
14406
14419
14423
14425
14428
14429
14430
14435
14438
14439
14442
14443
14444
14447
14448
14449
14452
14453
14455
14460
14463
14464
14467
14469
14473
14474
14478
14482
14484
14485
14486
14487
14491
14492
14494
14496
14497
14498
14500
14502
14503
14504
14505
14506
14507
14508
14509
14510
14511
14519
14521
14523
14537
14538
14547
14551
14553
14557
14560
14561
14562
14566
14570
14572
14576
14578
14579
14584
14611
14620
14622
14649
14653
14658
14662
14664
14667
14671
14675
14680
14686
14687
14688
14689
14690
14692
14693
14694
14695
14697
14700
14701
14703
14706
14725
14727
14729
14732
14733
14734
14736
14738
14757
14770
14773
14780
14785
14786
14790
14793
14795
14797
14798
14800
14801
14802
14812
14824
14827
14830
14835
14837
14842
14845
14846
14848
14861
14862
14863
14864
14870
14871
14877
14881
14884
14893
14895
14899
14901
14902
14905
14911
14913
14919
14926
14927
14928
14930
14931
14944
14946
14960
14971
14975
14977
14982
14983
14984
14991
14998
14999
15000
15003
15008
15013
15014
15016
15018
15019
15020
15022
15024
15027
15030
15032
15038
15039
15040
15041
15042
15052
15056
15060
15063
15071
15072
15073
15081
15082
15084
15085
15087
15090
15099
15100
15101
15103
15108
15112
15117
15122
15127
15128
15130
15133
15139
15144
15147
15156
15158
15166
15169
15172
15177
15185
15186
15188
15189
15208
15225
15226
15228
15231
15245
15250
15251
15252
15256
15258
15262
15263
15272
15276
15279
15280
15289
15290
15294
15301
15302
15318
15330
15341
15367
15379
15388
15394
15395
15396
15402
15421
15427
15429
15435
15436
15438
15439
15453
15456
15462
15483
15486
15488
15491
15501
15508
15509
15510
15511
15513
15514
15520
15525
15533
15547
15548
15551
15553
15556
15557
15561
15565
15568
15570
15573
15577
15595
15618
15620
15622
15627
15646
15657
15673
15681
15683
15691
15729
15757
15776
15781
15782
15783
15806
15807
15814
15826
15827
15828
15835
15836
15838
15839
15850
15856
15857
15859
15861
15871
15873
15888
15891
15900
15908
15924
15930
15932
15937
15946
15948
15955
15960
15969
15970
15972
15983
15984
15993
16011
16020
16021
16024
16030
16032
16033
16041
16043
16046
16047
16060
16065
16069
16071
16075
16077
16081
16092
16140
16143
16146
16173
16184
16190
16191
16222
16227
16240
16250
16253
16256
16269
16271
16276
16281
16287
16289
16292
16302
16308
16310
16311
16332
16338
16344
16347
16361
16363
16367
16375
16379
16381
16382
16392
16394
16398
16399
16476
16488
16493
16502
16507
16513
16514
16530
16560
16570
16573
16574
16593
16596
16610
16614
16629
16644
16662
16675
16682
16688
16692
16696
16698
16712
16723
16736
16747
16754
16755
16756
16757
16758
16761
16772
16773
16776
16777
16778
16779
16787
16788
16791
16792
16793
16797
16804
16805
16806
16807
16838
16841
16848
16849
16874
16888
16899
16901
16921
16925
16926
16934
16935
16953
16960
16995
17013
17023
17031
17058
17061
17070
17074
17095
17097
17110
17117
17139
17144
17146
17148
17166
17181
17190
17191
17220
17226
17238
17251
17265
17282
17286
17306
17388
17391
17442
17460
17463
17476
17499
17511
17520
17613
17643
17655
17661
17664
17673
17679
17706
17739
17740
17748
17751
17754
17760
17763
17772
17781
17871
17893
17895
17907
17913
17925
17928
17935
17937
17952
17960
17967
17973
17982
17986
17988
17994
18004
18015
18022
18029
18033
18054
18081
18087
18091
18093
18094
18123
18129
18141
18147
18183
18200
18204
18255
18270
18271
18306
18322
18330
18337
18357
18396
18458
18489
18495
18505
18546
18574
18580
18584
18586
18600
18603
18610
18654
18675
18681
18700
18713
18726
18729
18744
18747
18753
18763
18779
18792
18795
18831
18858
18879
18899
18904
18905
18908
18909
18912
18925
18942
18982
19038
19039
19040
19060
19072
19092
19095
19098
19139
19146
19170
19176
19196
19198
19203
19205
19218
19246
19251
19267
19284
19298
19310
19318
19326
19330
19334
19354
19363
19378
19411
19448
19458
19467
19468
19474
19482
19488
19497
19498
19499
19508
19513
19515
19536
19560
19566
19587
19641
19674
19675
19710
19713
19836
19846
19878
19879
19890
19902
19909
19911
19927
19944
19948
19968
19985
19986
19989
19992
19995
20034
20056
20103
20105
20112
20113
20139
20142
20175
20214
20218
20228
20253
20259
20304
20343
20350
20355
20361
20367
20371
20376
20397
20403
20409
20418
20425
20445
20460
20466
20475
20496
20502
20529
20541
20556
20575
20583
20601
20604
20613
20616
20637
20737
20740
20742
20760
20796
20814
20825
20850
20877
20878
20883
20892
20976
20977
20979
20990
20991
20992
20997
21015
21018
21036
21075
21086
21093
21106
21107
21111
21115
21117
21120
21133
21135
21171
21186
21216
21230
21240
21252
21253
21254
21256
21260
21264
21269
21273
21306
21310
21336
21348
21387
21402
21408
21420
21435
21436
21440
21453
21465
21474
21477
21480
21534
21570
21584
21601
21606
21616
21619
21624
21637
21666
21672
21690
21723
21738
21786
21800
21801
21822
21829
21831
21843
21846
21855
21876
21921
21924
21929
21939
21942
21957
21972
21999
22003
22032
22036
22062
22101
22109
22134
22137
22143
22162
22170
22217
22221
22227
22233
22235
22238
22243
22252
22256
22285
22287
22303
22323
22329
22362
22386
22428
22521
22541
22575
22605
22610
22647
22662
22671
22680
22689
22698
22707
22713
22717
22755
22768
22773
22779
22782
22791
22794
22868
22875
22884
22885
22890
22902
22959
22968
22971
22984
22986
23005
23019
23031
23034
23037
23041
23048
23051
23064
23076
23094
23101
23116
23121
23122
23130
23134
23139
23173
23175
23202
23205
23217
23232
23233
23239
23254
23268
23274
23278
23335
23358
23360
23370
23382
23389
23400
23401
23407
23408
23434
23445
23448
23453
23458
23460
23461
23463
23465
23481
23485
23498
23509
23512
23516
23520
23538
23548
23550
23553
23564
23571
23593
23601
23620
23621
23638
23668
23673
23680
23685
23694
23701
23710
23711
23715
23727
23733
23745
23754
23757
23761
23773
23775
23776
23798
23799
23801
23812
23813
23814
23816
23817
23818
23819
23839
23847
23852
23857
23858
23860
23863
23865
23890
23917
23953
23961
23973
23974
23989
23991
23994
24024
24039
24055
24063
24075
24084
24092
24093
24100
24102
24103
24114
24115
24129
24147
24158
24163
24195
24203
24246
24248
24267
24268
24291
24294
24313
24325
24342
24357
24389
24393
24396
24401
24462
24489
24522
24528
24555
24564
24591
24612
24613
24621
24626
24627
24636
24652
24666
24675
24679
24681
24717
24822
24876
24879
24882
24886
24897
24900
24912
24921
24932
24933
24945
24954
24955
24972
24974
24995
25089
25098
25143
25170
25213
25248
25264
25276
25285
25290
25305
25332
25371
25374
25387
25395
25410
25416
25434
25461
25466
25511
25515
25566
25620
25630
25632
25635
25647
25671
25691
25713
25716
25717
25818
25821
25875
25881
25884
25893
25899
25908
25947
25968
25971
25995
26016
26026
26035
26056
26091
26097
26127
26154
26175
26178
26187
26190
26194
26195
26200
26205
26212
26217
26229
26247
26250
26271
26310
26323
26334
26349
26389
26412
26421
26439
26465
26481
26487
26511
26533
26592
26595
26606
26608
26609
26616
26618
26621
26630
26634
26648
26657
26661
26664
26666
26671
26673
26677
26683
26700
26706
26713
26718
26727
26742
26749
26784
26820
26835
26841
26859
26868
26869
26871
26892
26895
26919
26940
26946
27051
27060
27069
27121
27129
27136
27144
27145
27146
27147
27148
27160
27161
27168
27175
27176
27183
27189
27193
27201
27211
27212
27226
27227
27231
27244
27261
27265
27268
27270
27282
27298
27303
27310
27312
27324
27327
27328
27331
27332
27333
27336
27346
27374
27390
27394
27396
27404
27405
27409
27412
27425
27432
27433
27439
27448
27451
27453
27483
27493
27498
27501
27570
27588
27600
27603
27618
27627
27645
27663
27714
27729
27740
27765
27782
27808
27811
27819
27823
27841
27864
27889
27903
27921
27981
27999
28002
28006
28012
28020
28032
28042
28053
28060
28063
28065
28083
28092
28095
28104
28119
28131
28146
28155
28239
28255
28284
28311
28356
28362
28380
28431
28432
28454
28464
28485
28503
28548
28560
28563
28587
28620
28635
28668
28701
28716
28728
28731
28743
28770
28804
28815
28842
28844
28851
28854
28860
28863
28866
28869
28890
28920
28932
28950
28998
29016
29034
29040
29058
29109
29125
29199
29202
29302
29304
29322
29331
29376
29382
29409
29442
29451
29461
29462
29465
29517
29571
29577
29581
29629
29630
29653
29661
29664
29669
29672
29677
29678
29697
29769
29770
29777
29791
29809
29819
29827
29838
29859
29892
29916
29917
29934
29952
29973
29991
30009
30015
30016
30048
30076
30102
30123
30132
30156
30183
30192
30201
30234
30243
30255
30267
30274
30300
30336
30357
30390
30397
30411
30445
30477
30498
30513
30534
30549
30561
30574
30585
30606
30609
30630
30651
30654
30670
30679
30684
30701
30702
30712
30713
30729
30735
30744
30768
30774
30779
30795
30832
30846
30859
30870
30906
30912
30927
31020
31029
31047
31065
31094
31110
31164
31165
31194
31248
31278
31290
31301
31309
31323
31332
31336
31338
31341
31359
31366
31371
31440
31466
31497
31500
31518
31546
31590
31599
31677
31687
31698
31707
31759
31786
31878
31890
31908
31914
31932
31941
31977
31979
31980
32142
32190
32193
32220
32244
32256
32262
32272
32331
32349
32358
32361
32388
32406
32432
32464
32474
32485
32538
32547
32559
32562
32576
32580
32598
32613
32635
32646
32658
32661
32662
32665
32668
32674
32685
32689
32742
32761
32764
32769
32770
32772
32799
32808
32841
32844
32871
32910
32919
32922
32931
32934
32947
32952
33006
33053
33057
33060
33063
33087
33099
33123
33132
33135
33165
33174
33180
33222
33228
33249
33288
33296
33301
33348
33354
33375
33429
33430
33441
33450
33486
33489
33496
33516
33543
33546
33564
33609
33615
33648
33678
33711
33720
33738
33744
33798
33813
33819
33831
33843
33876
33915
33921
33957
33963
33981
34065
34081
34104
34158
34215
34239
34284
34290
34410
34446
34476
34477
34478
34481
34485
34492
34494
34497
34500
34509
34519
34528
34537
34548
34551
34563
34564
34628
34629
34633
34634
34637
34642
34644
34645
34653
34662
34683
34684
34693
34695
34717
34719
34724
34745
34750
34759
34763
34767
34775
34790
34803
34819
34841
34905
34914
34918
34968
34989
35016
35073
35130
35139
35151
35155
35163
35226
35247
35358
35367
35421
35457
35466
35580
35619
35668
35670
35673
35674
35691
35739
35805
35811
35860
35895
35919
35950
35961
35973
36000
36072
36108
36118
36123
36153
36162
36183
36234
36249
36285
36294
36297
36309
36312
36330
36348
36354
36357
36384
36390
36393
36405
36450
36525
36528
36550
36561
36576
36585
36600
36621
36762
36780
36807
36835
36852
36876
36924
37008
37029
37032
37065
37101
37137
37158
37185
37197
37203
37242
37260
37263
37302
37305
37327
37344
37357
37359
37368
37397
37450
37509
37515
37542
37584
37594
37602
37620
37651
37662
37689
37698
37740
37743
37794
37851
37890
37897
37911
37941
37944
37975
37992
38031
38049
38067
38115
38163
38172
38175
38208
38217
38220
38239
38283
38307
38313
38325
38347
38352
38355
38373
38385
38391
38394
38494
38499
38520
38526
38527
38547
38613
38628
38640
38649
38668
38673
38820
38841
38871
38914
38943
38949
38952
38958
38961
38964
38994
38997
39006
39051
39066
39081
39120
39129
39135
39186
39219
39246
39300
39303
39321
39333
39348
39444
39465
39468
39558
39561
39636
39825
39885
39918
39924
39966
40002
40005
40014
40029
40047
40065
40095
40107
40114
40115
40139
40146
40194
40209
40216
40218
40271
40275
40278
40282
40286
40292
40311
40332
40371
40389
40393
40398
40403
40410
40413
40416
40485
40492
40500
40518
40524
40542
40554
40576
40577
40578
40579
40583
40584
40585
40586
40593
40616
40621
40622
40630
40632
40633
40640
40645
40651
40659
40662
40665
40671
40672
40674
40677
40678
40683
40686
40689
40690
40692
40696
40705
40711
40729
40733
40735
40753
40754
40755
40770
40773
40785
40791
40807
40815
40827
40837
40845
40893
40923
41003
41005
41007
41020
41023
41024
41028
41032
41035
41038
41040
41043
41047
41056
41059
41069
41070
41071
41077
41078
41080
41081
41083
41088
41089
41092
41095
41154
41181
41205
41259
41271
41274
41283
41298
41307
41316
41321
41328
41356
41373
41391
41406
41413
41427
41431
41437
41439
41457
41460
41480
41550
41562
41601
41640
41649
41655
41661
41679
41685
41712
41736
41742
41754
41757
41796
41801
41835
41850
41856
41868
41886
41904
41919
41944
41961
41967
41988
41997
42024
42039
42144
42156
42190
42234
42243
42249
42252
42270
42280
42302
42303
42309
42325
42375
42402
42411
42434
42498
42516
42544
42564
42597
42615
42639
42640
42690
42702
42732
42744
42819
42844
42855
42906
42942
42954
43005
43014
43015
43038
43047
43062
43066
43094
43099
43111
43147
43158
43167
43254
43257
43260
43269
43270
43284
43287
43293
43299
43306
43329
43366
43380
43400
43407
43434
43485
43488
43491
43494
43518
43572
43584
43599
43647
43656
43660
43683
43702
43712
43715
43719
43760
43765
43770
43773
43782
43784
43788
43789
43814
43822
43823
43836
43860
43863
43865
43878
43884
43893
43914
43939
43941
43969
43971
43984
43986
44007
44010
44013
44049
44053
44055
44059
44060
44110
44119
44127
44152
44175
44235
44256
44268
44269
44298
44368
44388
44394
44428
44445
44472
44484
44500
44535
44544
44546
44559
44571
44586
44589
44601
44610
44611
44616
44619
44625
44644
44653
44660
44664
44667
44674
44675
44686
44688
44689
44690
44706
44708
44715
44748
44769
44809
44814
44822
44826
44834
44846
44862
44867
44877
44895
44898
44907
44916
44920
44922
44923
44924
44925
44927
44928
44930
44931
44932
44933
44938
44939
44940
44945
44952
44953
44954
44955
44957
44959
44962
44963
44981
44983
44984
44988
44989
44990
44991
44994
44995
44997
44998
44999
45000
45001
45002
45003
45004
45005
45006
45007
45008
45009
45011
45046
45047
45048
45049
45050
45063
45067
45083
45090
45092
45096
45102
45104
45106
45107
45111
45115
45116
45118
45119
45121
45127
45129
45130
45132
45139
45140
45141
45145
45147
45149
45152
45153
45157
45158
45160
45172
45174
45177
45182
45183
45193
45194
45206
45212
45213
45215
45216
45217
45218
45219
45220
45221
45226
45227
45229
45232
45233
45234
45235
45237
45238
45239
45240
45242
45247
45248
45256
45257
45258
45259
45280
45281
45285
45312
45315
45323
45334
45336
45350
45356
45360
45361
45362
45363
45364
45366
45367
45368
45369
45370
45371
45372
45373
45374
45375
45376
45377
45378
45379
45380
45381
45383
45384
45385
45386
45389
45390
45391
45392
45394
45395
45396
45397
45399
45400
45402
45403
45405
45408
45409
45410
45411
45437
45438
45439
45440
45444
45446
45449
45450
45451
45452
45453
45454
45455
45479
45489
45493
45499
45508
45512
45516
45520
45522
45528
45540
45553
45558
45594
45597
45616
45618
45630
45633
45650
45653
45662
45670
45687
45699
45702
45724
45754
45755
45756
45759
45774
45777
45783
45786
45789
45792
45801
45808
45810
45811
45813
45814
45815
45816
45817
45818
45819
45820
45822
45823
45824
45827
45829
45830
45831
45834
45838
45839
45840
45841
45842
45843
45844
45845
45848
45850
45851
45852
45853
45854
45855
45859
45860
45861
45870
45875
45895
45896
45897
45898
45900
45907
45912
45914
45915
45917
45918
45921
45928
45929
45934
45935
45937
45938
45943
45944
45945
45951
45952
45954
45955
45956
45957
45958
45959
45961
45963
45964
45965
45970
45971
45975
46000
46006
46007
46010
46014
46018
46023
46024
46026
46027
46028
46030
46032
46033
46048
46050
46051
46052
46053
46059
46065
46067
46071
46170
46171
46174
46175
46176
46177
46178
46179
46180
46183
46200
46204
46219
46224
46241
46249
46250
46251
46255
46257
46263
46266
46275
46276
46277
46278
46287
46296
46301
46314
46324
46325
46338
46341
46351
46354
46355
46360
46362
46377
46383
46386
46389
46400
46401
46418
46420
46431
46434
46450
46462
46474
46475
46482
46510
46516
46520
46522
46527
46533
46555
46557
46562
46567
46568
46572
46576
46578
46582
46585
46591
46603
46615
46622
46635
46641
46644
46645
46660
46665
46672
46674
46699
46705
46707
46735
46736
46750
46752
46758
46782
46797
46799
46803
46834
46852
46864
46865
46872
46875
46876
46879
46892
46922
46929
46933
46935
46938
46940
46941
46950
46974
46986
46987
47024
47025
47029
47030
47035
47039
47065
47084
47090
47106
47121
47132
47134
47135
47142
47144
47152
47178
47183
47206
47220
47223
47226
47230
47231
47238
47239
47250
47251
47259
47268
47270
47271
47287
47291
47293
47295
47300
47301
47308
47310
47338
47347
47351
47359
47368
47375
47379
47380
47381
47383
47406
47419
47430
47442
47455
47460
47466
47468
47469
47479
47482
47512
47523
47540
47541
47544
47555
47578
47579
47581
47595
47604
47613
47631
47654
47665
47668
47671
47679
47686
47694
47698
47712
47719
47728
47730
47732
47734
47737
47740
47741
47742
47751
47752
47753
47764
47767
47768
47799
47809
47818
47824
47843
47846
47853
47860
47861
47862
47863
47864
47865
47866
47867
47868
47869
47870
47871
47872
47874
47875
47876
47877
47878
47880
47881
47883
47884
47886
47890
47895
47899
47905
47945
47977
47985
48007
48035
48036
48041
48042
48045
48071
48082
48084
48095
48097
48115
48122
48124
48144
48145
48150
48156
48159
48166
48173
48175
48180
48186
48199
48201
48202
48203
48207
48213
48214
48216
48217
48218
48219
48220
48222
48223
48240
48241
48242
48243
48245
48249
48250
48251
48252
48255
48256
48267
48274
48275
48276
48277
48279
48282
48288
48289
48290
48300
48301
48306
48319
48320
48321
48323
48347
48359
48437
48438
48441
48444
48449
48451
48453
48454
48455
48456
48459
48472
48475
48519
48520
48521
48527
48537
48540
48543
48547
48561
48574
48575
48596
48612
48613
48618
48620
48627
48628
48634
48656
48660
48676
48677
48678
48683
48686
48687
48702
48703
48769
48776
48784
48796
48802
48804
48808
48810
48812
48818
48823
48824
48839
48845
48847
48851
48852
48860
48862
48863
48864
48867
48871
48872
48880
48881
48882
48890
48891
48892
48901
48903
48909
48912
48916
48942
48962
48972
48984
49009
49022
49023
49026
49032
49071
49074
49092
49108
49144
49156
49168
49170
49175
49179
49180
49185
49186
49221
49235
49239
49250
49264
49281
49282
49283
49285
49299
49338
49350
49356
49380
49450
49462
49470
49473
49482
49505
49510
49571
49578
49580
49581
49593
49594
49597
49598
49635
49648
49657
49669
49671
49700
49719
49722
49733
49734
49740
49764
49770
49791
49830
49831
49857
49864
49873
49883
49890
49894
49902
49914
49936
49939
49957
49959
49968
49972
49993
50003
50008
50028
50036
50037
50056
50058
50086
50130
50171
50174
50175
50178
50179
50181
50194
50195
50196
50200
50205
50217
50222
50224
50231
50238
50245
50249
50286
50316
50326
50331
50352
50367
50370
50381
50391
50433
50460
50475
50476
50496
50499
50523
50550
50569
50578
50579
50580
50584
50607
50623
50664
50665
50676
50688
50709
50710
50711
50715
50722
50724
50725
50726
50727
50728
50729
50743
50751
50758
50759
50761
50769
50832
50838
50856
50862
50866
50885
50889
50893
50898
50899
50902
50910
50913
50921
50926
50927
50942
50961
50974
50993
50994
50995
51038
51046
51054
51055
51065
51090
51096
51126
51135
51139
51148
51153
51154
51156
51158
51170
51184
51185
51190
51191
51199
51210
51224
51253
51255
51256
51257
51261
51264
51276
51291
51300
51393
51396
51402
51403
51406
51408
51412
51424
51442
51445
51487
51494
51495
51522
51528
51544
51545
51553
51557
51559
51576
51578
51581
51595
51599
51617
51628
51645
51648
51649
51650
51651
51652
51664
51673
51674
51676
51680
51681
51685
51688
51690
51691
51692
51693
51697
51701
51706
51708
51721
51722
51735
51744
51746
51761
51767
51772
51780
51782
51787
51798
51799
51809
51818
51827
51829
51830
51838
51839
51840
51841
51842
51844
51850
51858
51859
51860
51866
51871
51872
52000
52001
52002
52003
52004
52005
52006
52007
52008
52012
52013
52014
52017
52018
52023
52025
52031
52032
52034
52036
52039
52045
52046
52047
52048
52049
52050
52051
52052
52053
52056
52060
52066
52069
52070
52071
52072
52073
52079
52082
52094
52095
52096
52102
52112
52120
52129
52133
52135
52136
52150
52162
52191
52205
52207
52212
52225
52227
52256
52259
52263
52280
52282
52285
52287
52291
52295
52296
52300
52303
52304
52305
52309
52319
52321
52323
52326
52327
52335
52336
52342
52344
52347
52349
52360
52365
52372
52386
52391
52392
52395
52396
52398
52404
52407
52409
52413
52415
52417
52419
52449
52450
52458
52481
52536
52538
52548
52563
52575
52584
52594
52595
52611
52614
52622
52631
52645
52655
52657
52664
52672
52673
52675
52690
52703
52707
52712
52740
52767
52771
52776
52777
52786
52801
52806
52821
52827
52833
52836
52845
52863
52867
52893
52902
52911
52914
52917
52918
52939
52950
52998
53002
53011
53016
53019
53034
53037
53040
53043
53049
53058
53064
53065
53067
53069
53070
53085
53097
53100
53102
53110
53148
53155
53156
53163
53172
53188
53193
53195
53200
53217
53229
53238
53253
53256
53257
53260
53272
53273
53278
53283
53284
53292
53310
53313
53352
53372
53381
53389
53391
53395
53397
53410
53411
53426
53427
53428
53430
53433
53457
53460
53466
53473
53493
53496
53507
53515
53525
53566
53588
53595
53598
53607
53652
53653
53659
53660
53661
53670
53678
53682
53691
53705
53721
53778
53784
53789
53793
53813
53817
53827
53873
53880
53916
53929
53937
53946
53955
53961
53964
53976
53979
53982
53997
54000
54003
54024
54057
54114
54121
54123
54144
54155
54165
54166
54172
54181
54192
54198
54201
54213
54221
54228
54231
54253
54264
54267
54275
54276
54281
54285
54294
54298
54348
54370
54372
54396
54414
54417
54426
54429
54444
54447
54486
54489
54495
54501
54514
54534
54540
54549
54558
54561
54562
54563
54570
54573
54588
54603
54604
54618
54621
54627
54628
54630
54633
54635
54640
54646
54657
54663
54664
54672
54678
54715
54717
54723
54727
54735
54740
54741
54742
54744
54747
54750
54756
54762
54763
54764
54769
54770
54782
54786
54802
54811
54812
54816
54822
54823
54824
54826
54827
54829
54831
54832
54833
54834
54837
54838
54839
54840
54849
54871
54873
54885
54887
54902
54910
54930
54931
54937
54942
54949
54955
54960
54974
54975
54980
54987
54993
54996
55000
55012
55031
55035
55039
55050
55053
55059
55060
55081
55087
55089
55097
55105
55120
55134
55137
55145
55146
55148
55151
55158
55167
55168
55169
55173
55193
55196
55197
55214
55219
55236
55237
55239
55241
55249
55250
55282
55284
55294
55296
55299
55305
55312
55355
55365
55370
55374
55377
55384
55394
55396
55417
55419
55420
55421
55427
55431
55436
55444
55450
55451
55458
55512
55523
55527
55533
55569
55571
55574
55601
55603
55607
55615
55621
55627
55649
55651
55674
55675
55686
55687
55692
55696
55697
55710
55720
55722
55735
55736
55741
55743
55744
55746
55751
55755
55763
55768
55775
55815
55817
55824
55828
55830
55837
55852
55854
55856
55857
55863
55864
55871
55874
55878
55881
55908
55909
55913
55918
55936
55944
55953
55960
55975
55991
55993
55997
55998
56016
56023
56027
56034
56043
56044
56055
56056
56058
56073
56079
56080
56094
56110
56115
56119
56125
56135
56137
56156
56160
56165
56166
56176
56180
56185
56186
56193
56194
56204
56206
56224
56225
56240
56246
56248
56253
56256
56257
56263
56269
56283
56286
56289
56290
56294
56301
56307
56352
56375
56380
56396
56397
56400
56403
56404
56407
56415
56421
56424
56429
56444
56451
56458
56459
56469
56482
56496
56499
56516
56517
56518
56546
56553
56571
56607
56610
56612
56616
56623
56631
56652
56656
56657
56666
56668
56676
56689
56692
56702
56705
56721
56727
56735
56736
56739
56742
56751
56772
56779
56799
56802
56808
56821
56825
56833
56838
56859
56902
56903
56916
56933
56937
56938
56939
56944
56945
56948
56949
56955
56956
56959
56960
56963
56966
56970
56972
56973
56974
56978
56979
56980
56986
56987
56989
56991
56993
56994
56996
56997
56998
57000
57002
57021
57022
57024
57031
57034
57035
57036
57041
57043
57046
57052
57065
57067
57068
57069
57070
57072
57073
57076
57100
57109
57111
57112
57114
57121
57122
57123
57124
57125
57126
57131
57139
57146
57148
57159
57186
57193
57194
57199
57200
57202
57203
57206
57211
57213
57216
57218
57219
57220
57221
57222
57223
57224
57225
57226
57227
57228
57229
57231
57232
57234
57235
57237
57239
57243
57259
57278
57304
57311
57312
57313
57319
57359
57360
57367
57387
57391
57396
57399
57405
57413
57440
57445
57448
57449
57460
57463
57484
57496
57502
57504
57505
57508
57513
57514
57515
57516
57525
57527
57531
57532
57534
57538
57540
57544
57546
57550
57551
57553
57559
57560
57565
57566
57568
57572
57573
57574
57577
57579
57580
57581
57585
57586
57592
57595
57609
57621
57642
57647
57657
57659
57664
57665
57666
57669
57678
57682
57683
57684
57687
57688
57692
57697
57717
57723
57726
57729
57738
57741
57762
57765
57792
57795
57810
57823
57825
57828
57843
57897
57900
57937
57939
57940
57957
57963
57966
57993
58002
58030
58081
58131
58163
58185
58194
58221
58263
58302
58332
58338
58339
58388
58400
58408
58412
58422
58467
58500
58512
58515
58523
58537
58538
58547
58558
58566
58568
58675
58676
58677
58691
58692
58695
58700
58704
58708
58709
58712
58714
58715
58716
58719
58721
58745
58746
58753
58756
58762
58763
58764
58776
58781
58782
58783
58784
58789
58793
58794
58809
58814
58817
58820
58824
58825
58833
58834
58835
58836
58838
58839
58841
58848
58849
58852
58857
58858
58859
58860
58862
58863
58865
58872
58873
58877
58881
58882
58885
58886
58896
58897
58898
58908
58912
58913
58919
58920
58929
58930
58931
58936
58937
58940
58941
58958
58968
58969
58975
58976
58992
59016
59018
59031
59034
59047
59055
59060
59061
59071
59072
59080
59088
59099
59100
59101
59130
59136
59140
59148
59149
59158
59201
59205
59226
59250
59253
59255
59262
59265
59274
59279
59291
59296
59301
59310
59313
59356
59371
59376
59377
59382
59392
59421
59429
59434
59438
59442
59451
59457
59481
59484
59520
59542
59544
59547
59553
59555
59557
59580
59583
59585
59601
59620
59626
59629
59632
59633
59644
59654
59658
59661
59702
59709
59711
59743
59757
59760
59761
59780
59802
59812
59814
59838
59848
59859
59865
59876
59881
59884
59889
59891
59901
59902
59905
59906
59936
59937
59953
59955
59958
59967
59970
59986
59987
59994
60006
60045
60053
60069
60099
60102
60123
60143
60147
60150
60190
60197
60205
60206
60208
60209
60273
60278
60298
60332
60361
60364
60369
60373
60374
60375
60376
60377
60378
60380
60381
60391
60392
60400
60408
60413
60433
60436
60453
60471
60472
60474
60483
60490
60492
60494
60495
60497
60499
60506
60507
60510
60535
60539
60544
60545
60546
60547
60549
60558
60562
60568
60571
60573
60574
60577
60586
60600
60614
60622
60632
60633
60637
60643
60650
60660
60664
60666
60668
60675
60684
60688
60737
60760
60765
60778
60779
60783
60784
60790
60798
60799
60804
60837
60853
60867
60868
60873
60933
60939
61022
61023
61041
61060
61072
61075
61077
61078
61082
61083
61084
61105
61106
61111
61128
61148
61164
61171
61179
61186
61227
61242
61251
61260
61272
61299
61323
61332
61349
61374
61380
61386
61398
61410
61416
61417
61424
61430
61432
61434
61437
61445
61449
61455
61464
61470
61485
61488
61498
61499
61500
61503
61519
61524
61526
61530
61535
61538
61540
61545
61548
61562
61566
61569
61570
61581
61632
61640
61643
61650
61659
61674
61677
61719
61720
61747
61765
61776
61777
61804
61812
61813
61822
61824
61836
61856
61864
61872
61877
61881
61894
61900
61902
61905
61906
61910
61923
61941
61947
61964
61974
61983
61998
62031
62043
62045
62046
62058
62064
62069
62079
62085
62087
62097
62100
62113
62127
62142
62166
62168
62169
62171
62176
62185
62190
62193
62198
62206
62217
62236
62242
62251
62258
62266
62291
62296
62315
62360
62367
62394
62395
62397
62399
62400
62406
62424
62454
62463
62481
62494
62495
62496
62497
62499
62500
62501
62502
62503
62504
62505
62507
62508
62509
62511
62512
62514
62518
62520
62522
62523
62524
62526
62527
62528
62529
62530
62532
62534
62535
62536
62537
62538
62541
62542
62544
62545
62547
62548
62550
62553
62556
62557
62559
62568
62574
62575
62577
62580
62583
62592
62595
62598
62601
62607
62609
62610
62611
62613
62614
62616
62617
62619
62620
62622
62624
62625
62626
62628
62629
62631
62632
62634
62637
62638
62640
62641
62643
62648
62652
62657
62658
62664
62665
62667
62671
62673
62676
62679
62682
62683
62685
62686
62689
62690
62691
62697
62701
62703
62705
62706
62712
62713
62715
62716
62718
62721
62727
62730
62733
62734
62736
62737
62738
62739
62749
62751
62752
62753
62754
62755
62757
62758
62759
62760
62763
62766
62769
62770
62771
62772
62778
62779
62780
62781
62785
62788
62790
62793
62796
62797
62799
62802
62806
62809
62811
62812
62819
62820
62821
62822
62823
62824
62826
62827
62828
62829
62830
62831
62832
62833
62834
62835
62836
62838
62841
62842
62843
62848
62849
62850
62851
62852
62853
62854
62856
62862
62865
62866
62871
62874
62875
62877
62878
62886
62887
62890
62895
62896
62898
62899
62901
62904
62907
62925
62926
62928
62934
62935
62937
62941
62942
62943
62946
62947
62953
62955
62958
62961
62967
62972
62974
62975
62977
62988
62991
62994
62999
63000
63010
63015
63018
63022
63024
63027
63028
63030
63034
63036
63039
63043
63045
63048
63053
63057
63060
63063
63064
63065
63066
63070
63071
63072
63075
63079
63082
63083
63084
63086
63087
63088
63089
63092
63093
63094
63095
63096
63097
63099
63100
63102
63105
63106
63107
63108
63113
63114
63117
63121
63122
63123
63124
63126
63130
63132
63134
63135
63138
63139
63140
63141
63145
63147
63148
63149
63150
63153
63155
63156
63159
63162
63165
63168
63169
63171
63172
63174
63175
63177
63178
63179
63180
63183
63186
63188
63195
63196
63197
63198
63201
63202
63204
63207
63208
63213
63220
63221
63225
63228
63229
63230
63231
63237
63238
63239
63240
63241
63243
63244
63245
63246
63249
63250
63252
63253
63254
63255
63256
63257
63258
63267
63268
63269
63270
63271
63272
63273
63281
63282
63292
63293
63294
63298
63301
63302
63303
63304
63306
63309
63316
63317
63318
63319
63320
63321
63323
63324
63325
63326
63327
63344
63345
63346
63348
63349
63350
63351
63352
63353
63354
63355
63356
63357
63358
63360
63361
63362
63363
63365
63366
63367
63368
63369
63370
63372
63373
63375
63382
63383
63385
63386
63387
63389
63390
63391
63392
63393
63395
63396
63398
63400
63401
63402
63403
63404
63405
63406
63408
63410
63411
63417
63430
63433
63434
63435
63436
63437
63438
63440
63441
63442
63444
63448
63449
63450
63451
63452
63453
63456
63457
63458
63459
63469
63471
63472
63473
63475
63476
63478
63479
63481
63482
63484
63485
63486
63487
63488
63489
63490
63491
63492
63493
63495
63497
63502
63504
63505
63507
63510
63513
63514
63516
63519
63541
63543
63545
63547
63548
63550
63552
63553
63556
63557
63558
63559
63560
63561
63564
63566
63567
63568
63569
63570
63571
63573
63574
63575
63576
63577
63578
63579
63580
63582
63583
63585
63588
63592
63593
63594
63600
63604
63606
63607
63609
63610
63612
63617
63619
63620
63624
63627
63631
63632
63633
63636
63637
63639
63645
63648
63649
63652
63654
63657
63658
63662
63663
63667
63668
63669
63675
63683
63685
63686
63693
63705
63708
63713
63718
63726
63729
63730
63731
63734
63737
63739
63741
63756
63759
63765
63771
63774
63775
63777
63785
63786
63788
63794
63795
63800
63801
63806
63811
63819
63823
63826
63829
63841
63842
63843
63845
63850
63851
63852
63858
63860
63862
63863
63866
63872
63873
63874
63879
63882
63886
63888
63889
63891
63894
63906
63919
63924
63925
63927
63928
63930
63931
63933
63938
63939
63941
63943
63945
63946
63952
63953
63954
63955
63956
63960
63964
63965
63966
63967
63968
63970
63973
63974
63975
63979
63987
63988
63993
64000
64002
64017
64023
64024
64034
64044
64047
64050
64057
64059
64060
64061
64062
64063
64065
64068
64070
64071
64072
64073
64074
64075
64076
64077
64078
64080
64081
64083
64087
64114
64116
64121
64122
64123
64125
64126
64128
64130
64132
64134
64137
64151
64155
64158
64160
64204
64205
64221
64228
64229
64230
64233
64234
64235
64239
64240
64241
64245
64248
64249
64253
64257
64260
64266
64267
64269
64271
64273
64275
64284
64287
64297
64299
64300
64302
64303
64305
64309
64310
64311
64321
64323
64326
64332
64334
64335
64338
64339
64341
64347
64350
64354
64356
64357
64359
64361
64362
64364
64365
64370
64371
64374
64381
64383
64384
64386
64390
64392
64393
64395
64396
64398
64399
64400
64401
64402
64403
64404
64406
64409
64413
64414
64416
64419
64425
64426
64429
64433
64434
64435
64436
64440
64443
64450
64452
64453
64455
64457
64458
64459
64460
64461
64462
64464
64465
64466
64470
64474
64477
64482
64483
64484
64487
64488
64494
64495
64496
64497
64499
64500
64503
64512
64515
64520
64521
64522
64524
64525
64527
64529
64530
64531
64539
64543
64551
64552
64555
64560
64563
64567
64568
64569
64578
64582
64587
64590
64591
64592
64602
64605
64607
64608
64609
64611
64613
64614
64625
64627
64629
64635
64636
64638
64640
64643
64644
64645
64647
64654
64655
64657
64659
64660
64663
64665
64666
64667
64668
64669
64670
64672
64673
64675
64676
64678
64679
64680
64681
64683
64687
64692
64693
64694
64695
64700
64701
64702
64703
64704
64711
64712
64713
64714
64716
64717
64720
64721
64722
64723
64725
64791
64794
64795
64796
64797
64798
64799
64800
64805
64807
64809
64810
64812
64814
64815
64816
64817
64818
64819
64820
64822
64823
64824
64841
64843
64844
64845
64846
64848
64849
64851
64852
64853
64855
64856
64859
64860
64861
64863
64867
64869
64870
64873
64874
64875
64886
64887
64888
64890
64891
64893
64894
64895
64896
64897
64903
64906
64907
64908
64909
64911
64912
64914
64915
64916
64918
64920
64921
64924
64925
64926
64929
64930
64932
64933
64934
64942
64943
64944
64947
64948
64954
64956
64957
64958
64959
64960
64964
64965
64966
64967
64968
64969
64971
64983
64984
64985
64987
64996
64998
64999
65005
65006
65007
65010
65013
65016
65019
65020
65022
65023
65025
65028
65031
65032
65033
65035
65036
65037
65038
65047
65048
65052
65053
65054
65055
65067
65073
65079
65082
65086
65091
65097
65098
65099
65101
65103
65104
65106
65109
65110
65113
65116
65117
65118
65121
65122
65125
65127
65130
65131
65134
65136
65138
65142
65149
65150
65158
65159
65163
65171
65172
65176
65178
65181
65182
65185
65187
65188
65191
65195
65196
65199
65202
65203
65205
65208
65209
65210
65211
65212
65213
65214
65217
65218
65219
65220
65221
65223
65239
65241
65242
65244
65247
65248
65249
65250
65251
65253
65254
65255
65256
65257
65259
65275
65278
65279
65280
65281
65282
65283
65287
65289
65290
65292
65295
65296
65297
65298
65305
65306
65307
65308
65314
65315
65316
65317
65318
65319
65320
65321
65328
65331
65334
65335
65337
65338
65339
65340
65343
65344
65345
65358
65359
65360
65361
65362
65363
65364
65365
65366
65367
65368
65369
65370
65383
65389
65390
65392
65393
65395
65396
65397
65401
65403
65410
65411
65412
65429
65432
65433
65434
65436
65437
65438
65439
65441
65442
65444
65445
65448
65453
65457
65460
65463
65465
65466
65467
65468
65469
65470
65471
65472
65475
65478
65479
65481
65482
65483
65484
65487
65496
65499
65508
65518
65521
65522
65526
65529
65532
65535
65538
65541
65546
65551
65556
65562
65567
65568
65569
65573
65574
65575
65577
65581
65584
65586
65587
65592
65593
65594
65600
65608
65609
65610
65616
65617
65618
65619
65620
65621
65622
65631
65635
65663
65665
65666
65671
65673
65689
65690
65691
65692
65694
65697
65698
65699
65700
65706
65707
65709
65713
65715
65716
65717
65718
65719
65720
65721
65722
65723
65724
65725
65726
65727
65729
65730
65731
65732
65733
65735
65736
65737
65738
65739
65740
65743
65744
65745
65746
65747
65748
65752
65753
65754
65755
65756
65757
65758
65759
65760
65761
65762
65765
65767
65769
65772
65774
65775
65776
65777
65778
65779
65781
65783
65785
65786
65788
65790
65794
65796
65802
65805
65807
65809
65810
65814
65817
65818
65819
65823
65826
65827
65829
65833
65835
65836
65841
65845
65847
65854
65855
65856
65857
65862
65865
65872
65874
65878
65880
65883
65887
65890
65892
65898
65902
65903
65904
65907
65911
65912
65913
65916
65919
65933
65935
65937
65938
65940
65946
65948
65949
65963
65964
65971
65972
65973
65975
65976
65977
65980
65982
65985
65989
65990
65991
65995
65997
66003
66006
66009
66021
66022
66024
66026
66027
66031
66032
66033
66042
66045
66046
66048
66050
66051
66052
66054
66057
66060
66063
66064
66066
66069
66072
66078
66099
66108
66110
66130
66132
66133
66135
66138
66139
66140
66141
66142
66143
66144
66145
66146
66150
66151
66153
66156
66159
66162
66163
66165
66167
66168
66171
66172
66174
66177
66179
66180
66181
66182
66183
66184
66186
66191
66196
66197
66204
66207
66211
66213
66214
66215
66217
66219
66222
66235
66244
66252
66254
66260
66263
66264
66267
66271
66283
66288
66300
66301
66303
66304
66305
66306
66320
66321
66322
66323
66324
66325
66326
66327
66328
66330
66333
66346
66348
66349
66350
66351
66355
66359
66362
66366
66367
66369
66370
66371
66372
66374
66375
66376
66377
66378
66379
66380
66381
66382
66383
66384
66387
66388
66389
66390
66391
66393
66394
66395
66396
66397
66398
66399
66400
66401
66402
66404
66405
66406
66407
66409
66411
66436
66438
66439
66440
66441
66442
66444
66445
66446
66447
66454
66455
66456
66457
66458
66459
66460
66462
66463
66465
66466
66467
66468
66470
66471
66472
66473
66474
66484
66486
66487
66488
66489
66490
66491
66492
66493
66497
66499
66500
66502
66504
66511
66513
66514
66515
66516
66517
66518
66522
66524
66525
66529
66531
66532
66534
66535
66536
66538
66542
66543
66567
66568
66571
66572
66573
66574
66575
66576
66577
66578
66579
66580
66584
66585
66589
66592
66593
66595
66596
66597
66606
66608
66609
66615
66616
66624
66625
66626
66630
66633
66634
66636
66638
66639
66640
66642
66645
66646
66652
66653
66655
66656
66657
66663
66664
66665
66672
66678
66679
66682
66683
66684
66685
66688
66694
66696
66697
66698
66703
66704
66706
66716
66719
66722
66723
66727
66732
66738
66741
66744
66756
66759
66760
66761
66762
66763
66765
66783
66786
66789
66790
66793
66794
66801
66802
66805
66807
66808
66809
66829
66831
66834
66840
66842
66843
66846
66855
66857
66859
66860
66863
66864
66876
66877
66878
66879
66882
66883
66884
66888
66889
66893
66896
66897
66899
66900
66901
66902
66906
66912
66914
66915
66918
66927
66929
66930
66935
66943
66946
66953
66955
66956
66957
66961
66963
66964
66965
66967
66981
66987
66990
66993
66997
66998
66999
67002
67005
67008
67048
67055
67056
67066
67068
67069
67070
67071
67073
67075
67081
67086
67087
67090
67093
67094
67110
67113
67122
67123
67125
67134
67136
67137
67140
67143
67161
67164
67165
67166
67168
67169
67170
67171
67176
67182
67183
67184
67191
67192
67193
67195
67200
67203
67206
67209
67212
67213
67215
67216
67218
67221
67222
67227
67231
67232
67234
67239
67241
67245
67251
67254
67256
67257
67259
67262
67263
67264
67265
67266
67270
67272
67273
67275
67276
67279
67281
67283
67285
67297
67299
67302
67305
67312
67314
67316
67317
67323
67326
67327
67329
67330
67331
67332
67338
67339
67350
67351
67352
67353
67354
67360
67361
67363
67365
67368
67370
67371
67372
67373
67374
67377
67378
67380
67386
67404
67405
67407
67410
67421
67427
67428
67429
67430
67431
67434
67436
67437
67440
67443
67445
67446
67454
67455
67459
67462
67464
67465
67468
67470
67476
67482
67487
67500
67509
67512
67515
67517
67518
67524
67525
67531
67533
67534
67535
67536
67539
67545
67548
67549
67554
67563
67572
67573
67578
67581
67585
67593
67597
67608
67609
67610
67617
67623
67626
67627
67629
67647
67650
67651
67654
67663
67664
67665
67668
67672
67674
67690
67692
67701
67702
67703
67704
67723
67724
67725
67732
67733
67734
67735
67736
67737
67739
67740
67742
67746
67747
67750
67751
67756
67758
67759
67760
67763
67764
67765
67766
67767
67770
67782
67785
67788
67791
67794
67797
67802
67803
67830
67837
67839
67842
67843
67844
67845
67870
67872
67873
67875
67877
67878
67881
67886
67888
67889
67890
67898
67899
67901
67902
67903
67905
67908
67914
67915
67917
67919
67920
67922
67923
67926
67928
67929
67943
67944
67949
67950
67969
67972
67975
67979
67982
67984
67986
67989
67992
67993
67995
67998
68000
68001
68006
68008
68011
68015
68019
68023
68025
68028
68029
68031
68036
68037
68039
68040
68041
68044
68046
68047
68049
68056
68057
68058
68061
68062
68063
68067
68070
68071
68074
68077
68079
68080
68082
68085
68088
68102
68103
68106
68109
68113
68114
68118
68119
68120
68121
68125
68126
68127
68129
68130
68133
68136
68138
68139
68140
68141
68143
68144
68145
68149
68150
68154
68155
68156
68157
68158
68159
68160
68161
68164
68165
68167
68171
68172
68175
68177
68178
68179
68180
68181
68182
68183
68184
68188
68189
68190
68192
68193
68194
68195
68196
68199
68200
68202
68203
68204
68205
68206
68207
68208
68210
68211
68212
68213
68215
68216
68217
68218
68219
68220
68221
68223
68224
68225
68226
68227
68228
68233
68235
68236
68238
68239
68240
68244
68248
68252
68262
68263
68264
68265
68267
68268
68269
68273
68276
68277
68278
68279
68280
68285
68286
68287
68288
68289
68292
68298
68299
68300
68301
68304
68305
68306
68307
68308
68309
68310
68311
68313
68314
68315
68316
68317
68318
68319
68320
68321
68322
68323
68326
68327
68328
68330
68331
68332
68336
68338
68340
68341
68344
68345
68346
68347
68349
68350
68351
68352
68354
68357
68358
68363
68364
68366
68367
68368
68369
68376
68377
68378
68379
68381
68386
68387
68388
68394
68395
68399
68402
68403
68404
68406
68407
68409
68410
68411
68412
68414
68417
68418
68419
68421
68422
68424
68427
68429
68430
68431
68432
68435
68437
68438
68439
68441
68442
68445
68449
68450
68451
68452
68453
68454
68455
68456
68458
68459
68460
68461
68462
68463
68464
68465
68466
68467
68469
68470
68472
68473
68474
68475
68479
68482
68483
68484
68491
68492
68493
68498
68499
68500
68501
68507
68508
68509
68511
68512
68513
68514
68516
68517
68531
68538
68539
68540
68541
68542
68544
68545
68546
68551
68552
68554
68555
68556
68560
68561
68562
68563
68564
68565
68572
68573
68574
68580
68585
68586
68587
68589
68592
68595
68596
68597
68599
68601
68605
68607
68609
68616
68617
68619
68622
68623
68630
68633
68640
68641
68643
68646
68647
68648
68649
68653
68655
68657
68661
68663
68664
68666
68667
68669
68676
68677
68678
68679
68680
68682
68687
68688
68689
68698
68699
68700
68701
68702
68704
68705
68706
68716
68718
68719
68721
68733
68734
68736
68737
68738
68739
68740
68741
68742
68743
68744
68746
68747
68748
68749
68750
68751
68766
68767
68768
68769
68770
68771
68772
68773
68776
68778
68781
68783
68784
68791
68792
68793
68796
68797
68799
68800
68801
68802
68803
68805
68809
68827
68832
68835
68836
68838
68839
68842
68843
68844
68845
68846
68852
68853
68855
68857
68858
68859
68860
68862
68863
68864
68865
68866
68867
68868
68871
68872
68874
68875
68876
68877
68879
68883
68884
68886
68887
68890
68891
68892
68895
68897
68898
68900
68902
68903
68904
68906
68907
68908
68909
68912
68913
68914
68916
68917
68918
68920
68922
68923
68925
68933
68934
68935
68937
68940
68941
68942
68943
68950
68953
68955
68956
68957
68958
68959
68960
68971
68974
68976
68978
68980
68981
68982
68983
68985
68987
68988
68989
68990
68991
68993
69001
69002
69003
69004
69008
69009
69010
69012
69014
69018
69019
69021
69023
69027
69032
69036
69038
69043
69046
69047
69048
69049
69050
69051
69055
69056
69059
69060
69065
69067
69072
69081
69084
69088
69094
69097
69098
69100
69106
69107
69110
69112
69117
69118
69126
69129
69132
69134
69135
69136
69138
69147
69148
69149
69150
69151
69152
69153
69154
69155
69156
69158
69159
69160
69162
69163
69165
69166
69167
69168
69169
69172
69173
69175
69177
69180
69182
69184
69185
69186
69192
69195
69198
69207
69216
69219
69220
69221
69223
69225
69232
69234
69237
69241
69242
69243
69246
69252
69255
69256
69258
69259
69262
69263
69265
69267
69268
69269
69270
69273
69274
69280
69281
69282
69285
69286
69287
69289
69290
69291
69295
69303
69307
69310
69325
69336
69339
69340
69348
69354
69360
69363
69364
69366
69370
69372
69375
69383
69384
69387
69388
69389
69393
69394
69397
69409
69412
69413
69415
69416
69417
69419
69420
69424
69425
69427
69428
69436
69437
69438
69441
69442
69444
69448
69449
69456
69459
69465
69480
69487
69507
69516
69517
69518
69522
69552
69553
69558
69562
69564
69566
69568
69569
69571
69575
69576
69580
69581
69583
69586
69591
69592
69594
69596
69604
69607
69612
69613
69615
69616
69620
69622
69624
69627
69629
69633
69637
69644
69648
69654
69657
69685
69687
69713
69726
69746
69762
69771
69796
69797
69802
69803
69807
69808
69812
69813
69817
69821
69822
69831
69838
69843
69846
69849
69854
69856
69862
69864
69865
69867
69869
69875
69876
69877
69881
69888
69891
69905
69908
69909
69915
69918
69919
69922
69925
69926
69953
69980
69981
69984
69988
69989
69991
69993
69999
70001
70003
70006
70007
70008
70009
70010
70039
70040
70041
70042
70044
70053
70094
70097
70098
70128
70129
70132
70139
70142
70146
70171
70172
70173
70177
70179
70182
70191
70226
70227
70230
70234
70235
70237
70239
70252
70256
70257
70258
70259
70260
70261
70263
70265
70267
70269
70280
70281
70282
70285
70286
70287
70288
70289
70291
70292
70293
70297
70312
70314
70318
70320
70321
70322
70323
70326
70327
70329
70379
70380
70384
70393
70394
70398
70433
70435
70444
70445
70447
70448
70449
70450
70452
70454
70455
70458
70460
70462
70464
70465
70467
70468
70469
70471
70483
70495
70497
70498
70500
70501
70502
70503
70506
70507
70509
70511
70512
70513
70515
70522
70526
70527
70528
70529
70530
70531
70533
70534
70536
70544
70546
70547
70548
70550
70582
70584
70590
70592
70593
70595
70596
70599
70600
70602
70609
70611
70612
70613
70614
70615
70616
70617
70618
70620
70622
70623
70624
70626
70655
70657
70659
70660
70661
70662
70663
70665
70666
70668
70669
70670
70671
70675
70677
70678
70680
70693
70695
70698
70699
70700
70701
70702
70703
70704
70705
70707
70709
70710
70747
70748
70750
70752
70753
70754
70756
70757
70759
70760
70761
70762
70772
70773
70774
70776
70777
70779
70781
70784
70785
70786
70787
70788
70797
70822
70823
70826
70828
70829
70830
70833
70834
70836
70837
70838
70840
70841
70842
70843
70844
70845
70846
70849
70851
70852
70853
70854
70855
70856
70859
70861
70863
70866
70886
70888
70890
70891
70892
70893
70904
70905
70906
70907
70908
70911
70914
70920
70924
70945
71213
71217
71218
71221
71226
71227
71230
71231
71232
71233
71234
71236
71237
71238
71242
71244
71245
71246
71247
71248
71250
71252
71256
71266
71268
71274
71276
71279
71280
71281
71283
71285
71287
71288
71289
71290
71291
71292
71293
71295
71296
71297
71299
71300
71305
71307
71308
71311
71312
71313
71315
71316
71317
71318
71322
71363
71364
71365
71366
71367
71368
71369
71370
71371
71373
71374
71398
71399
71400
71404
71406
71412
71413
71414
71415
71417
71418
71419
71425
71426
71427
71428
71429
71430
71432
71433
71434
71435
71436
71439
71441
71444
71455
71457
71458
71461
71462
71463
71469
71481
71485
71487
71488
71489
71490
71491
71492
71493
71494
71495
71497
71499
71500
71502
71503
71504
71505
71506
71507
71518
71519
71520
71521
71522
71523
71524
71525
71526
71528
71529
71540
71542
71543
71544
71548
71549
71550
71554
71555
71557
71558
71559
71587
71588
71589
71590
71592
71593
71595
71596
71597
71598
71602
71603
71605
71606
71607
71608
71609
71610
71611
71612
71613
71630
71631
71640
71646
71648
71649
71652
71659
71660
71663
71666
71668
71673
71674
71676
71678
71680
71684
71688
71694
71696
71699
71700
71702
71703
71705
71707
71710
71713
71715
71720
71722
71723
71736
71738
71741
71742
71743
71746
71747
71748
71749
71760
71800
71808
71847
71861
71866
71877
71895
71900
71901
71909
71912
71925
71926
71958
71963
71968
71970
71977
71983
71985
71993
71994
72012
72015
72033
72034
72035
72036
72046
72067
72071
72079
72091
72092
72093
72097
72099
72101
72104
72107
72113
72114
72118
72119
72124
72134
72135
72136
72138
72174
72183
72188
72189
72198
72204
72205
72213
72222
72227
72230
72233
72246
72248
72251
72253
72255
72258
72259
72263
72264
72268
72269
72270
72274
72282
72291
72292
72303
72308
72312
72322
72325
72328
72329
72332
72333
72358
72359
72360
72363
72364
72366
72367
72369
72370
72373
72374
72376
72377
72379
72380
72381
72382
72383
72386
72387
72388
72390
72391
72392
72393
72394
72400
72401
72403
72404
72406
72409
72412
72413
72415
72417
72420
72424
72426
72430
72431
72432
72433
72434
72436
72442
72445
72446
72451
72456
72459
72462
72463
72466
72467
72468
72469
72470
72471
72511
72512
72513
72519
72527
72531
72535
72540
72559
72561
72562
72563
72564
72566
72569
72570
72571
72572
72573
72574
72575
72578
72579
72583
72584
72587
72589
72591
72592
72593
72598
72604
72605
72606
72608
72611
72616
72617
72618
72619
72622
72623
72626
72628
72629
72630
72632
72633
72634
72635
72640
72642
72643
72644
72645
72646
72648
72649
72651
72652
72653
72654
72661
72663
72664
72665
72666
72667
72668
72670
72671
72672
72673
72675
72676
72677
72678
72679
72681
72684
72685
72688
72689
72690
72691
72692
72693
72694
72696
72700
72713
72715
72720
72721
72722
72723
72727
72740
72741
72742
72743
72755
72757
72762
72769
72770
72775
72781
72784
72785
72786
72789
72795
72796
72797
72803
72818
72822
72830
72831
72836
72837
72870
72876
72887
72888
72894
72896
72901
72902
72906
72912
72915
72919
72920
72929
72931
72945
72947
72951
72952
72958
72974
72977
72978
72979
72982
72984
72996
73012
73019
73022
73032
73041
73050
73056
73072
73074
73077
73078
73079
73082
73083
73084
73085
73099
73101
73107
73114
73176
73189
73190
73197
73198
73200
73201
73203
73221
73228
73230
73233
73237
73240
73257
73260
73262
73266
73270
73276
73288
73289
73291
73293
73294
73295
73296
73297
73299
73317
73324
73325
73327
73328
73333
73334
73335
73336
73338
73345
73348
73350
73351
73354
73357
73358
73359
73360
73362
73364
73365
73368
73372
73373
73375
73376
73378
73379
73380
73381
73384
73385
73388
73390
73392
73395
73405
73406
73407
73410
73413
73414
73415
73416
73417
73426
73427
73430
73435
73441
73442
73447
73450
73451
73452
73453
73454
73455
73456
73457
73459
73460
73462
73465
73467
73468
73474
73479
73483
73488
73489
73490
73493
73494
73495
73497
73513
73516
73518
73530
73532
73533
73535
73537
73538
73541
73549
73550
73554
73569
73579
73583
73585
73586
73587
73608
73614
73619
73621
73624
73627
73633
73636
73637
73641
73652
73653
73660
73665
73683
73684
73685
73686
73687
73688
73689
73690
73691
73692
73693
73694
73695
73697
73699
73700
73702
73703
73704
73706
73707
73710
73711
73712
73713
73721
73730
73731
73743
73746
73748
73749
73750
73752
73753
73754
73756
73757
73773
73774
73776
73777
73778
73779
73780
73782
73792
73795
73806
73811
73819
73822
73867
73868
73869
73871
73875
73876
73878
73892
73897
73898
73902
73942
73944
73946
73947
73948
73950
73952
73953
73955
73959
73960
73961
73963
73965
73974
73975
73976
73979
73980
74020
74021
74022
74025
74028
74042
74049
74052
74054
74079
74084
74085
74086
74088
74092
74094
74097
74098
74099
74102
74128
74131
74157
74164
74166
74168
74169
74171
74172
74174
74179
74187
74191
74192
74193
74195
74196
74197
74198
74199
74200
74204
74205
74206
74208
74209
74210
74213
74217
74223
74261
74263
74265
74266
74271
74272
74273
74274
74277
74278
74279
74281
74283
74284
74288
74289
74305
74308
74313
74314
74315
74319
74320
74328
74329
74330
74331
74334
74341
74356
74357
74361
74362
74364
74365
74405
74409
74410
74415
74416
74418
74422
74425
74426
74427
74432
74433
74441
74442
74467
74472
74477
74478
74479
74481
74484
74485
74486
74532
74551
74554
74555
74562
74564
74569
74571
74585
74589
74590
74643
74646
74649
74650
74651
74652
74653
74655
74656
74658
74660
74661
74668
74669
74670
74671
74672
74673
74674
74675
74677
74679
74680
74682
74683
74684
74691
74693
74703
74706
74709
74730
74734
74737
74740
74827
74828
74829
74832
74833
74834
74835
74836
74838
74841
74854
74857
74859
74863
74871
74902
74907
74922
74924
74925
74954
74955
74956
74957
74961
74962
74963
74966
74967
74970
74972
74973
74975
74976
74982
74983
74985
74988
74989
74991
74993
74995
74996
74997
75061
75063
75064
75066
75075
75076
75077
75078
75086
75088
75089
75093
75095
75105
75126
75130
75131
75132
75136
75141
75154
75155
75156
75159
75162
75164
75167
75168
75169
75170
75171
75174
75180
75183
75184
75185
75197
75198
75199
75206
75207
75208
75209
75211
75212
75213
75214
75215
75216
75217
75238
75244
75257
75280
75282
75299
75304
75310
75319
75320
75322
75323
75324
75325
75334
75339
75342
75343
75345
75346
75348
75349
75352
75354
75355
75364
75367
75368
75370
75372
75373
75374
75380
75381
75386
75387
75388
75391
75396
75397
75403
75404
75414
75419
75420
75421
75430
75431
75435
75436
75439
75441
75445
75448
75451
75454
75456
75462
75467
75477
75483
75489
75491
75498
75499
75513
75515
75518
75521
75527
75530
75531
75532
75543
75544
75547
75551
75553
75554
75556
75559
75560
75561
75562
75564
75565
75566
75568
75569
75571
75573
75574
75575
75578
75579
75580
75582
75583
75585
75587
75588
75589
75591
75592
75594
75595
75597
75598
75601
75602
75606
75607
75609
75611
75612
75613
75617
75620
75622
75624
75631
75633
75637
75638
75645
75650
75652
75655
75656
75657
75658
75659
75661
75662
75665
75666
75668
75669
75671
75672
75675
75677
75687
75713
75716
75721
75722
75723
75724
75728
75745
75746
75747
75750
75754
75756
75765
75766
75772
75776
75777
75787
75789
75790
75792
75804
75813
75820
75821
75822
75826
75832
75837
75840
75842
75843
75847
75848
75851
75858
75859
75862
75863
75864
75866
75879
75885
75894
75900
75901
75904
75919
75925
75926
75927
75939
75965
75973
75975
75976
75977
75993
75997
76002
76007
76010
76016
76018
76019
76020
76022
76026
76029
76034
76035
76038
76053
76075
76076
76077
76078
76081
76082
76093
76097
76100
76101
76108
76109
76110
76116
76123
76128
76158
76167
76182
76192
76194
76198
76202
76203
76204
76209
76213
76218
76233
76236
76237
76240
76243
76245
76254
76255
76258
76262
76266
76269
76272
76273
76281
76284
76299
76300
76305
76307
76310
76311
76312
76327
76328
76330
76353
76371
76373
76375
76378
76379
76385
76395
76397
76403
76404
76407
76409
76414
76417
76419
76423
76431
76434
76441
76462
76471
76474
76476
76485
76487
76491
76500
76501
76504
76508
76520
76526
76537
76541
76543
76545
76546
76549
76551
76552
76557
76567
76569
76591
76601
76605
76615
76621
76624
76629
76633
76638
76639
76641
76647
76648
76653
76659
76660
76662
76668
76669
76684
76685
76686
76690
76692
76693
76704
76711
76716
76718
76719
76720
76729
76737
76742
76744
76747
76748
76753
76754
76755
76770
76781
76783
76787
76788
76789
76797
76801
76806
76813
76818
76828
76829
76830
76831
76836
76837
76839
76845
76846
76847
76849
76850
76855
76857
76885
76889
76890
76891
76895
76896
76898
76900
76903
76905
76908
76910
76912
76917
76918
76919
76921
76922
76925
76927
76932
76933
76945
76947
76950
76964
76973
76975
76978
76979
76988
76990
77009
77011
77013
77029
77044
77057
77064
77082
77088
77092
77095
77106
77111
77119
77125
77130
77132
77136
77143
77151
77153
77154
77158
77161
77164
77165
77166
77167
77168
77169
77170
77173
77174
77175
77176
77179
77180
77182
77183
77188
77190
77191
77192
77193
77194
77195
77197
77200
77201
77202
77203
77204
77205
77207
77209
77212
77213
77214
77223
77224
77225
77226
77227
77228
77242
77243
77261
77264
77273
77277
77280
77284
77286
77290
77294
77302
77307
77312
77313
77316
77318
77319
77321
77324
77325
77327
77330
77336
77337
77341
77342
77343
77350
77355
77367
77368
77370
77373
77378
77380
77381
77386
77393
77395
77397
77398
77401
77402
77407
77408
77411
77413
77414
77416
77417
77418
77425
77428
77433
77434
77435
77436
77441
77444
77446
77447
77467
77469
77471
77497
77499
77506
77507
77512
77513
77515
77517
77532
77543
77544
77553
77566
77577
77578
77611
77612
77613
77614
77615
77616
77617
77618
77619
77627
77628
77629
77630
77633
77634
77635
77636
77638
77640
77642
77643
77644
77645
77646
77648
77651
77653
77654
77655
77659
77662
77669
77670
77671
77691
77697
77700
77701
77715
77716
77721
77726
77728
77737
77738
77742
77746
77760
77766
77781
77799
77801
77804
77806
77808
77809
77811
77814
77818
77826
77832
77842
77854
77855
77859
77877
77878
77889
77906
77919
77925
77943
77949
77955
77956
77957
77958
77959
77966
77972
77973
77978
77985
77988
77990
77994
78000
78009
78019
78054
78066
78069
78080
78124
78141
78144
78173
78187
78190
78198
78219
78228
78236
78252
78253
78256
78257
78264
78265
78268
78270
78276
78277
78292
78303
78313
78314
78315
78316
78317
78318
78319
78323
78343
78354
78363
78366
78443
78444
78446
78447
78452
78463
78481
78487
78490
78491
78492
78495
78498
78517
78529
78532
78543
78550
78552
78574
78584
78609
78621
78624
78629
78634
78642
78646
78647
78657
78697
78700
78705
78729
78751
78753
78755
78760
78764
78766
78772
78780
78781
78785
78786
78787
78788
78794
78805
78806
78807
78808
78809
78813
78815
78832
78835
78860
78862
78863
78876
78883
78888
78891
78907
78915
78918
78930
78936
78937
78945
78948
78954
78957
78966
78971
78972
78973
78976
78978
78983
78994
78997
79007
79009
79047
79055
79068
79069
79072
79109
79113
79129
79134
79135
79137
79138
79139
79143
79145
79156
79157
79159
79160
79168
79172
79181
79182
79197
79205
79209
79215
79224
79230
79236
79243
79244
79257
79268
79272
79295
79299
79301
79302
79333
79356
79358
79362
79373
79374
79375
79380
79383
79396
79398
79399
79405
79440
79452
79459
79461
79475
79485
79503
79513
79515
79530
79545
79548
79564
79566
79567
79568
79573
79582
79583
79584
79589
79590
79594
79600
79601
79603
79604
79618
79619
79630
79633
79634
79656
79657
79665
79672
79715
79719
79732
79737
79740
79748
79788
79791
79792
79793
79794
79803
79804
79805
79807
79808
79817
79830
79831
79832
79834
79836
79837
79843
79845
79853
79854
79864
79871
79882
79884
79890
79891
79895
79897
79899
79904
79906
79908
79911
79913
79915
79917
79918
79921
79922
79923
79925
79929
79938
79947
79959
79977
79978
79980
79983
79995
79999
80004
80005
80008
80012
80017
80027
80054
80063
80076
80080
80081
80094
80096
80101
80133
80136
80140
80143
80163
80181
80193
80198
80205
80213
80226
80244
80255
80259
80274
80278
80286
80291
80293
80294
80308
80310
80314
80316
80325
80331
80343
80349
80360
80362
80363
80364
80388
80415
80444
80445
80459
80514
80526
80596
80598
80622
80631
80649
80661
80682
80703
80706
80775
80782
80796
80805
80817
80829
80851
80875
80889
80913
80921
80925
80929
80964
80965
80970
81003
81012
81022
81075
81111
81120
81135
81144
81153
81198
81210
81234
81236
81286
81288
81304
81312
81336
81355
81367
81372
81384
81393
